 , , female, , , , 

vowel	stress	word	F1	F2	F3	B1	B2	B3	t	beg	end	dur	cd	fm	fp	fv	ps	fs	style	glide	F1@20%	F2@20%	F1@35%	F2@35%	F1@50%	F2@50%	F1@65%	F2@65%	F1@80%	F2@80%	nFormants
UW	1	tooth	476.8	1195.2	2605.6	178.2	592.7	754.0	5.955	5.887	6.023	0.136	73	3	3	1	3	0			486.6	1554.8	480.7	1310.6	476.8	1195.2	481.7	1176.9	446.5	1170.9	5	
EH	1	better	828.5	1803.1	2708.7	93.0	322.6	276.6	7.653	7.624	7.683	0.059	2	1	4	1	1	1			807.1	1799.7	820.0	1803.4	828.5	1803.1	831.2	1798.0	823.4	1773.7	5	
ER	1	hurt	512.3	1941.8	2509.0	92.0	96.3	211.8	9.14	9.064	9.215	0.151	94	1	4	1	0	0			532.6	1924.1	515.3	1926.3	512.3	1941.8	531.4	1968.1	573.5	1990.0	5	
AW	1	house	825.4	1282.4	2413.9	76.1	104.0	263.5	11.131	11.067	11.196	0.129	42	3	4	1	0	0			886.3	1397.7	877.5	1345.9	822.4	1277.9	778.4	1166.1	691.2	1041.9	5	
AO	1	thought	506.3	881.5	2604.6	163.2	115.0	398.9	14.373	14.292	14.454	0.162	53	1	4	1	3	0			501.9	1040.2	473.4	897.8	506.3	881.5	566.6	990.7	645.4	1169.0	6	
AW	1	town	792.5	1291.5	2163.7	316.1	74.3	970.6	16.217	16.115	16.319	0.204	42	4	4	2	3	0			932.2	1454.6	896.0	1398.5	792.5	1291.5	861.8	1180.8	821.5	1158.8	6	
AE	1	hat	1066.9	1542.0	2427.1	222.6	137.7	678.0	18.078	18.019	18.136	0.117	3	1	4	1	0	0			1009.1	1531.3	1043.5	1536.3	1065.3	1541.6	1046.7	1526.2	962.9	1503.6	6	
UH	1	put	647.3	1338.4	2645.2	82.0	204.7	325.9	19.732	19.685	19.779	0.094	7	1	4	1	1	0			633.1	1136.7	650.8	1238.4	647.3	1338.4	611.2	1439.2	573.4	1570.4	5	
IY	1	heat	425.7	2728.6	3974.5	279.5	335.9	764.6	21.75	21.69	21.81	0.12	11	1	4	1	0	0			459.9	2662.5	437.9	2716.7	425.7	2728.6	451.8	2779.8	495.7	2792.6	4	
AH	1	hut	840.2	1297.7	2576.5	81.6	242.6	409.9	25.445	25.399	25.491	0.092	6	1	4	1	0	0			838.4	1333.7	834.2	1294.6	840.2	1297.7	826.3	1357.4	804.9	1439.9	5	
IH	1	hit	633.5	2186.7	2959.3	148.9	133.2	281.0	29.004	28.967	29.04	0.073	1	1	4	1	0	0			632.3	2242.4	636.0	2204.3	633.5	2186.7	629.7	2168.9	610.2	2129.6	5	
AA	1	father	737.5	1194.9	2654.9	71.6	71.6	383.0	30.761	30.677	30.845	0.168	43	3	3	2	1	1			715.2	1170.0	736.0	1160.1	737.5	1194.9	760.2	1231.6	784.9	1341.7	5	
EY	1	hate	454.6	2746.3	3491.5	104.0	123.8	659.8	32.939	32.867	33.012	0.145	21	1	4	1	0	0			537.2	2663.3	473.5	2719.0	455.5	2747.3	480.9	2777.5	484.7	2779.7	4	
AE	1	dance	901.0	1481.8	2943.2	222.7	181.2	771.8	34.677	34.623	34.732	0.109	3	4	4	2	3	3			834.8	1636.1	907.4	1544.4	901.0	1481.8	905.8	1427.2	926.0	1412.2	5	
OW	1	host	484.5	957.3	1938.1	128.3	139.2	3110.1	36.503	36.438	36.567	0.129	62	3	4	1	0	3			593.4	1076.4	510.7	998.1	484.5	957.3	449.2	918.3	439.9	988.4	6	
AA	1	heart	794.3	1225.8	2148.4	136.3	88.7	3297.4	38.304	38.211	38.397	0.186	5	1	4	1	0	0			781.6	1209.8	782.6	1200.6	794.3	1225.8	823.2	1289.5	852.9	1428.4	6	
AE	1	after	876.5	1266.4	2622.0	111.6	107.4	489.8	41.971	41.914	42.027	0.113	3	3	2	1	0	4			913.2	1289.6	914.6	1286.5	876.5	1266.4	868.3	1264.3	842.3	1256.6	5	
