 , , male, , , , 

vowel	stress	word	norm_F1	norm_F2	t	beg	end	dur	cd	fm	fp	fv	ps	fs	style	glide	norm_F1@20%	norm_F2@20%	norm_F1@35%	norm_F2@35%	norm_F1@50%	norm_F2@50%	norm_F1@65%	norm_F2@65%	norm_F1@80%	norm_F2@80%	nFormants
AH	1	coming	771.0	1638.0	4.037	4.011	4.063	0.052	6	4	1	2	6	1			710.0	1691.0	742.0	1684.0	771.0	1638.0	773.0	1543.0	749.0	1466.0	4	
AE	1	sample	867.0	1413.0	4.563	4.503	4.623	0.12	3	4	1	2	3	4			773.0	1431.0	822.0	1430.0	867.0	1414.0	877.0	1382.0	864.0	1335.0	6	
AY	1	delights	737.0	1871.0	5.226	5.171	5.28	0.109	47	1	4	1	7	3		m	813.0	1751.0	798.0	1818.0	737.0	1871.0	662.0	1906.0	595.0	1958.0	5	
OW	1	over	494.0	867.0	6.461	6.39	6.531	0.141	62	3	2	2	0	1			485.0	856.0	492.0	864.0	494.0	867.0	496.0	877.0	499.0	887.0	6	
UW	1	two	487.0	921.0	7.245	7.09	7.4	0.31	73	0	0	0	3	0			488.0	969.0	480.0	933.0	487.0	921.0	506.0	831.0	525.0	834.0	6	
AH	1	hundred	797.0	1680.0	7.605	7.569	7.641	0.072	6	4	4	2	0	4			900.0	1635.0	824.0	1609.0	797.0	1680.0	778.0	1727.0	737.0	1752.0	4	
AE	1	bath	916.0	1444.0	9.274	9.199	9.349	0.15	3	3	3	1	1	0			876.0	1422.0	906.0	1451.0	916.0	1444.0	905.0	1450.0	871.0	1469.0	6	
OW	1	hotel	527.0	1005.0	9.543	9.502	9.583	0.081	62	1	4	1	0	1			510.0	1126.0	502.0	974.0	527.0	1005.0	566.0	1117.0	576.0	1252.0	6	
AY	1	island	781.0	1796.0	10.317	10.237	10.396	0.159	41	5	4	2	0	1		s	902.0	1573.0	856.0	1677.0	781.0	1796.0	705.0	1892.0	629.0	1901.0	6	
ER	1	first	550.0	1327.0	11.447	11.383	11.51	0.127	94	3	4	1	1	3			559.0	1167.0	554.0	1247.0	550.0	1324.0	575.0	1380.0	583.0	1406.0	5	
OW	1	opened	534.0	935.0	11.682	11.649	11.714	0.065	62	1	1	1	0	1			547.0	988.0	545.0	955.0	534.0	935.0	521.0	925.0	518.0	949.0	6	
EH	1	seven	705.0	1732.0	12.281	12.25	12.312	0.062	2	3	2	2	3	1			645.0	1907.0	676.0	1813.0	705.0	1732.0	733.0	1703.0	733.0	1671.0	4	
IY	1	teen	465.0	2472.0	12.661	12.611	12.71	0.099	11	4	4	2	3	0			449.0	2708.0	469.0	2533.0	465.0	2472.0	468.0	2623.0	501.0	2637.0	4	
EH	1	seventy	655.0	1645.0	12.931	12.903	12.958	0.055	2	3	2	2	3	2			623.0	1638.0	642.0	1643.0	655.0	1646.0	660.0	1619.0	652.0	1579.0	5	
EY	1	eight	477.0	2323.0	13.272	13.211	13.333	0.122	21	1	4	1	0	0			475.0	2473.0	471.0	2344.0	477.0	2324.0	510.0	2295.0	501.0	2202.0	4	
AY	1	nearby	752.0	1861.0	14.463	14.401	14.525	0.124	41	0	0	0	1	0		m	786.0	1663.0	807.0	1810.0	752.0	1861.0	711.0	1837.0	713.0	1758.0	4	
IY	1	being	407.0	2396.0	15.342	15.3	15.383	0.083	11	0	0	0	1	1			401.0	2297.0	401.0	2346.0	407.0	2396.0	437.0	2374.0	483.0	2331.0	4	
EY	1	main	550.0	2306.0	16.454	16.399	16.509	0.11	21	4	4	2	2	0			543.0	2272.0	542.0	2294.0	550.0	2306.0	562.0	2287.0	579.0	2181.0	4	
IH	1	visitors	550.0	2252.0	17.741	17.719	17.762	0.043	1	3	4	2	1	2			553.0	2150.0	553.0	2180.0	550.0	2252.0	544.0	2281.0	542.0	2261.0	4	
EY	1	late	541.0	2272.0	19.423	19.375	19.47	0.095	21	1	4	1	7	0			531.0	2217.0	540.0	2259.0	541.0	2272.0	551.0	2264.0	554.0	2225.0	4	
AY	1	nineteenth	716.0	1969.0	19.707	19.642	19.771	0.129	41	4	4	2	4	4		s	802.0	1783.0	784.0	1885.0	716.0	1969.0	680.0	2058.0	645.0	2130.0	5	
IY	1	nineteenth	500.0	2279.0	19.899	19.87	19.927	0.057	11	4	4	2	3	3			475.0	2327.0	489.0	2328.0	500.0	2279.0	505.0	2190.0	508.0	2102.0	4	
EH	1	century	659.0	1798.0	20.112	20.077	20.147	0.07	2	4	4	2	3	5			598.0	1746.0	631.0	1778.0	659.0	1798.0	691.0	1791.0	708.0	1775.0	5	
EH	2	destination	615.0	1881.0	22.302	22.27	22.334	0.064	2	3	4	1	3	5			570.0	1903.0	589.0	1899.0	615.0	1881.0	646.0	1857.0	684.0	1882.0	4	
EY	1	destination	584.0	2105.0	22.595	22.555	22.634	0.079	21	3	5	1	4	1			617.0	2052.0	607.0	2095.0	584.0	2105.0	556.0	2087.0	522.0	2084.0	6	
OW	1	those	548.0	1082.0	24.423	24.331	24.514	0.183	62	3	4	2	3	0			523.0	1295.0	532.0	1153.0	548.0	1082.0	547.0	1102.0	554.0	1221.0	5	
AY	1	time	954.0	1812.0	25.112	24.999	25.225	0.226	41	4	1	2	3	0			1049.0	1704.0	1039.0	1661.0	954.0	1812.0	879.0	2042.0	785.0	2129.0	4	
EY	1	make	543.0	2128.0	25.657	25.632	25.681	0.049	21	1	6	1	2	0			557.0	2060.0	553.0	2101.0	543.0	2128.0	532.0	2150.0	527.0	2174.0	4	
ER	1	journey	616.0	1761.0	25.997	25.944	26.05	0.106	94	4	4	2	5	1			518.0	1843.0	573.0	1780.0	616.0	1761.0	634.0	1791.0	637.0	1817.0	5	
AW	2	however	638.0	1080.0	27.119	27.051	27.187	0.136	42	0	0	0	0	2			758.0	1241.0	702.0	1165.0	638.0	1080.0	568.0	1024.0	570.0	1049.0	6	
EH	1	however	706.0	1391.0	27.226	27.187	27.265	0.078	2	3	2	2	0	1			692.0	1348.0	703.0	1392.0	706.0	1391.0	695.0	1350.0	676.0	1297.0	4	
AE	1	advent	929.0	1500.0	29.113	29.071	29.155	0.084	3	1	4	2	0	4			967.0	1514.0	954.0	1508.0	929.0	1500.0	900.0	1497.0	840.0	1491.0	6	
EH	2	advent	690.0	1690.0	29.333	29.285	29.381	0.096	2	4	4	2	1	3			646.0	1618.0	670.0	1673.0	690.0	1690.0	714.0	1691.0	703.0	1674.0	6	
IH	2	international	597.0	2053.0	30.183	30.167	30.198	0.031	1	4	4	2	0	5			599.0	2071.0	599.0	2071.0	597.0	2053.0	593.0	2025.0	593.0	2025.0	5	
AE	1	international	878.0	1589.0	30.484	30.44	30.527	0.087	3	3	5	1	4	2			830.0	1631.0	867.0	1616.0	878.0	1589.0	872.0	1576.0	860.0	1569.0	6	
AY	1	flights	717.0	1793.0	31.071	31.01	31.132	0.122	47	1	4	1	8	3		s	785.0	1586.0	762.0	1683.0	717.0	1793.0	663.0	1886.0	607.0	1906.0	5	
AY	1	nineteen	768.0	1965.0	31.796	31.733	31.859	0.126	41	4	4	2	4	4		s	835.0	1750.0	826.0	1866.0	768.0	1965.0	714.0	2085.0	694.0	2062.0	5	
IY	2	nineteen	483.0	2190.0	31.978	31.945	32.011	0.066	11	4	4	2	3	0			486.0	2307.0	487.0	2289.0	483.0	2190.0	480.0	2119.0	477.0	2063.0	4	
IH	1	sixties	556.0	1779.0	32.189	32.174	32.203	0.029	1	1	6	1	3	4			558.0	1788.0	558.0	1788.0	556.0	1779.0	554.0	1773.0	554.0	1773.0	5	
AA	1	market	965.0	1320.0	33.61	33.535	33.684	0.149	5	1	6	1	2	1			884.0	1283.0	931.0	1322.0	965.0	1320.0	988.0	1321.0	979.0	1337.0	4	
AA	1	started	834.0	1397.0	34.17	34.11	34.23	0.12	5	1	4	1	3	1			771.0	1467.0	816.0	1411.0	834.0	1397.0	801.0	1416.0	765.0	1486.0	4	
OW	1	open	574.0	854.0	34.628	34.596	34.659	0.063	62	1	1	1	0	1			551.0	837.0	566.0	846.0	574.0	854.0	564.0	855.0	560.0	848.0	6	
AE	1	man	859.0	1512.0	36.327	36.261	36.392	0.131	3	4	4	2	2	0			866.0	1430.0	863.0	1493.0	859.0	1512.0	880.0	1541.0	878.0	1573.0	6	
EY	1	today	550.0	2245.0	37.656	37.538	37.775	0.237	22	0	0	0	3	0			520.0	2199.0	494.0	2230.0	552.0	2246.0	552.0	2277.0	553.0	2282.0	5	
IH	1	visit	547.0	1750.0	42.504	42.47	42.538	0.068	1	3	4	2	1	1			532.0	1755.0	545.0	1769.0	547.0	1750.0	533.0	1713.0	509.0	1676.0	6	
IY	1	each	520.0	2490.0	43.494	43.458	43.53	0.072	11	2	5	1	0	0			513.0	2470.0	522.0	2470.0	520.0	2490.0	507.0	2479.0	501.0	2440.0	4	
AH	1	come	764.0	1356.0	45.155	45.103	45.206	0.103	6	4	1	2	6	0			723.0	1347.0	750.0	1350.0	765.0	1357.0	758.0	1347.0	768.0	1313.0	5	
OW	1	both	530.0	943.0	45.41	45.359	45.461	0.102	62	3	3	1	1	0			516.0	908.0	518.0	916.0	530.0	943.0	547.0	1011.0	551.0	1102.0	6	
IY	1	sea	366.0	2471.0	47.118	47.041	47.194	0.153	12	0	0	0	3	0			411.0	2282.0	379.0	2421.0	366.0	2471.0	414.0	2500.0	528.0	2552.0	4	
AH	1	some	747.0	1467.0	47.832	47.796	47.868	0.072	6	4	1	2	3	0			667.0	1448.0	706.0	1482.0	747.0	1467.0	779.0	1442.0	776.0	1406.0	5	
EY	1	staying	519.0	2079.0	48.19	48.124	48.256	0.132	21	0	0	0	3	1			539.0	1960.0	523.0	2034.0	519.0	2079.0	541.0	2151.0	564.0	2216.0	5	
AW	1	hours	566.0	1033.0	49.129	49.013	49.244	0.231	42	0	0	0	0	1			764.0	1178.0	680.0	1118.0	568.0	1034.0	591.0	1063.0	690.0	1183.0	5	
AY	1	island	885.0	1821.0	50.575	50.495	50.655	0.16	41	5	4	2	0	1		s	1193.0	1683.0	1060.0	1716.0	885.0	1821.0	765.0	1966.0	673.0	2107.0	4	
AY	1	island	885.0	1789.0	51.445	51.376	51.515	0.139	41	5	4	2	0	1		s	1008.0	1724.0	965.0	1710.0	885.0	1789.0	814.0	1906.0	726.0	1951.0	3	
AW	1	found	893.0	1239.0	53.533	53.458	53.607	0.149	42	4	4	2	1	3			771.0	1295.0	799.0	1285.0	893.0	1239.0	968.0	1125.0	970.0	1140.0	5	
AY	1	islands	777.0	1879.0	54.141	54.083	54.199	0.116	41	5	4	2	0	1		m	929.0	1778.0	850.0	1818.0	777.0	1879.0	722.0	1933.0	695.0	1914.0	4	
EY	1	remain	531.0	2327.0	54.868	54.801	54.934	0.133	21	4	4	2	2	0			540.0	2278.0	531.0	2306.0	531.0	2327.0	552.0	2325.0	584.0	2270.0	4	
IY	1	seas	454.0	2389.0	57.479	57.352	57.606	0.254	11	3	4	2	3	0			455.0	2315.0	461.0	2355.0	454.0	2389.0	430.0	2351.0	445.0	2483.0	4	
AE	1	dazzling	907.0	1499.0	58.462	58.376	58.547	0.171	3	3	4	2	3	1			828.0	1652.0	888.0	1517.0	907.0	1499.0	884.0	1516.0	808.0	1583.0	4	
AE	1	sand	922.0	1621.0	61.557	61.483	61.631	0.148	3	4	4	2	3	3			817.0	1493.0	932.0	1643.0	921.0	1621.0	866.0	1608.0	816.0	1632.0	6	
IY	1	beaches	409.0	2308.0	61.907	61.875	61.939	0.064	11	2	5	1	1	1			393.0	2080.0	402.0	2266.0	409.0	2308.0	420.0	2286.0	426.0	2273.0	5	
ER	1	birds	544.0	1462.0	63.576	63.464	63.689	0.225	94	1	4	2	1	3			534.0	1439.0	534.0	1420.0	544.0	1464.0	545.0	1509.0	550.0	1558.0	6	
AH	1	sunny	794.0	1598.0	64.356	64.317	64.394	0.077	6	4	4	2	3	1			713.0	1458.0	752.0	1512.0	794.0	1598.0	807.0	1671.0	766.0	1708.0	6	
AH	1	stunning	735.0	1571.0	65.804	65.764	65.845	0.081	6	4	4	2	3	1			697.0	1584.0	709.0	1531.0	735.0	1571.0	775.0	1601.0	768.0	1613.0	4	
AH	1	sunsets	745.0	1507.0	66.283	66.246	66.319	0.073	6	4	4	2	3	4			671.0	1484.0	711.0	1496.0	745.0	1507.0	771.0	1522.0	769.0	1528.0	5	
EH	2	sunsets	692.0	1656.0	66.566	66.52	66.612	0.092	2	1	4	1	3	3			617.0	1615.0	654.0	1661.0	692.0	1656.0	706.0	1638.0	687.0	1609.0	5	
AY	1	lively	778.0	1897.0	67.606	67.509	67.703	0.194	41	3	2	2	7	1		s	881.0	1614.0	857.0	1769.0	778.0	1897.0	667.0	1953.0	642.0	2084.0	4	
AE	1	dance	886.0	1577.0	68.911	68.836	68.987	0.151	3	4	4	2	3	3			876.0	1612.0	886.0	1570.0	886.0	1577.0	885.0	1587.0	855.0	1583.0	5	
AO	1	course	645.0	1042.0	69.881	69.806	69.957	0.151	53	3	4	1	6	0			609.0	1011.0	665.0	972.0	645.0	1042.0	653.0	1158.0	720.0	1327.0	5	
IY	1	people	429.0	2132.0	72.361	72.346	72.376	0.03	11	1	1	1	1	1			430.0	2161.0	430.0	2161.0	429.0	2132.0	421.0	2101.0	421.0	2101.0	4	
IH	1	visitors	513.0	1666.0	74.493	74.471	74.514	0.043	1	3	4	2	1	2			524.0	1663.0	522.0	1664.0	513.0	1666.0	503.0	1666.0	499.0	1665.0	6	
EY	1	favoured	491.0	2137.0	75.173	75.123	75.223	0.1	21	3	2	2	1	1			503.0	2030.0	502.0	2118.0	491.0	2137.0	484.0	2091.0	499.0	2003.0	5	
AY	1	islands	747.0	1907.0	75.539	75.473	75.604	0.131	41	5	4	2	0	1		m	925.0	1718.0	822.0	1789.0	747.0	1907.0	680.0	1939.0	672.0	1897.0	4	
AO	1	according	571.0	1124.0	76.051	76.014	76.087	0.073	53	1	4	2	6	1			593.0	1020.0	577.0	1054.0	571.0	1124.0	564.0	1205.0	553.0	1295.0	5	
AE	2	nationality	864.0	1537.0	76.539	76.5	76.578	0.078	3	3	5	1	4	2			767.0	1619.0	828.0	1582.0	864.0	1537.0	876.0	1505.0	868.0	1483.0	5	
IH	1	english	502.0	2230.0	78.179	78.15	78.207	0.057	1	4	6	2	0	4			495.0	2227.0	500.0	2233.0	502.0	2230.0	506.0	2263.0	525.0	2312.0	6	
IH	2	english	598.0	1678.0	78.373	78.339	78.406	0.067	1	3	5	1	8	0			636.0	1626.0	629.0	1670.0	598.0	1678.0	568.0	1740.0	541.0	1843.0	5	
IH	1	visiting	550.0	1730.0	78.625	78.605	78.645	0.04	1	3	4	2	1	2			552.0	1755.0	552.0	1750.0	550.0	1730.0	544.0	1713.0	542.0	1708.0	6	
EY	1	barbados	542.0	1946.0	79.749	79.713	79.785	0.072	21	1	4	2	1	1			520.0	1818.0	536.0	1909.0	542.0	1946.0	539.0	1940.0	530.0	1925.0	6	
EY	1	jamaica	562.0	2086.0	80.649	80.608	80.69	0.082	21	1	6	1	2	1			565.0	1997.0	571.0	2061.0	562.0	2086.0	548.0	2115.0	537.0	2155.0	5	
EH	1	heading	663.0	1791.0	82.315	82.288	82.341	0.053	2	1	4	2	0	1			673.0	1807.0	674.0	1785.0	663.0	1791.0	646.0	1803.0	627.0	1810.0	5	
EY	1	today's	526.0	2126.0	83.891	83.81	83.971	0.161	21	3	4	2	3	0			500.0	2103.0	504.0	2142.0	526.0	2126.0	551.0	2089.0	552.0	1977.0	4	
AW	1	without	710.0	1428.0	85.516	85.467	85.564	0.097	42	1	4	1	3	0			687.0	1471.0	714.0	1474.0	710.0	1428.0	707.0	1394.0	699.0	1384.0	6	
AW	1	doubt	723.0	1300.0	85.822	85.741	85.903	0.162	42	1	4	1	3	0			708.0	1492.0	735.0	1411.0	723.0	1300.0	701.0	1196.0	626.0	1199.0	5	
AO	1	more	682.0	1069.0	86.283	86.212	86.354	0.142	53	0	0	0	2	0			652.0	989.0	673.0	1010.0	682.0	1069.0	686.0	1180.0	716.0	1301.0	5	
AY	1	likely	726.0	1775.0	86.479	86.439	86.519	0.08	47	1	6	1	7	1		s	755.0	1636.0	749.0	1709.0	726.0	1775.0	692.0	1843.0	657.0	1897.0	5	
IH	1	pick	573.0	2018.0	86.898	86.88	86.915	0.035	1	1	6	1	1	0			554.0	1997.0	554.0	1997.0	573.0	2018.0	584.0	2037.0	584.0	2037.0	4	
AY	1	island	847.0	1812.0	87.182	87.107	87.257	0.15	41	5	4	2	0	1		s	1011.0	1603.0	950.0	1711.0	847.0	1812.0	785.0	1902.0	763.0	1906.0	4	
AO	1	offers	617.0	933.0	88.07	88.013	88.127	0.114	53	3	2	1	0	1			571.0	901.0	583.0	905.0	617.0	933.0	624.0	965.0	608.0	984.0	6	
IH	2	historical	512.0	1640.0	89.929	89.908	89.951	0.043	1	3	4	1	0	5			510.0	1644.0	512.0	1642.0	512.0	1639.0	511.0	1635.0	512.0	1633.0	6	
OW	2	associations	513.0	1249.0	90.695	90.666	90.724	0.058	62	3	4	1	3	2			500.0	1230.0	502.0	1232.0	513.0	1249.0	526.0	1272.0	531.0	1323.0	6	
EY	1	associations	448.0	2125.0	90.934	90.868	90.999	0.131	21	3	5	1	0	1			439.0	2115.0	443.0	2167.0	448.0	2125.0	476.0	2053.0	480.0	2008.0	5	
AW	1	thousands	741.0	1201.0	92.344	92.231	92.457	0.226	42	3	4	2	3	1			792.0	1386.0	788.0	1280.0	741.0	1201.0	628.0	1129.0	642.0	1170.0	5	
IH	1	visit	533.0	1682.0	92.984	92.956	93.012	0.056	1	3	4	2	1	1			544.0	1692.0	540.0	1692.0	533.0	1682.0	523.0	1674.0	507.0	1665.0	6	
EY	1	barbados	558.0	1813.0	93.468	93.435	93.501	0.066	21	1	4	2	1	1			515.0	1711.0	540.0	1772.0	558.0	1813.0	560.0	1839.0	550.0	1829.0	5	
IY	1	beaches	389.0	2267.0	94.095	94.065	94.125	0.06	11	2	5	1	1	1			392.0	2121.0	387.0	2227.0	389.0	2267.0	390.0	2264.0	392.0	2261.0	5	
AW	1	mountains	778.0	1130.0	96.625	96.568	96.682	0.114	42	4	4	2	2	4			777.0	1225.0	786.0	1192.0	778.0	1130.0	767.0	1059.0	698.0	1165.0	6	
AA	1	large	830.0	1405.0	98.551	98.438	98.663	0.225	5	2	5	2	7	0			780.0	1411.0	816.0	1407.0	830.0	1405.0	860.0	1465.0	845.0	1568.0	4	
AH	1	number	764.0	1452.0	98.898	98.865	98.93	0.065	6	4	1	2	4	4			706.0	1533.0	742.0	1496.0	764.0	1452.0	770.0	1404.0	754.0	1343.0	6	
IH	1	visitors	540.0	1642.0	99.31	99.291	99.329	0.038	1	3	4	2	1	2			549.0	1628.0	549.0	1631.0	540.0	1642.0	524.0	1644.0	522.0	1644.0	6	
UW	1	blue	524.0	1566.0	101.175	101.09	101.26	0.17	73	0	0	0	8	0			436.0	1219.0	470.0	1061.0	524.0	1566.0	448.0	918.0	536.0	832.0	4	
