./INPUTFILES/DASS/, 55, F, , , , 

vowel	stress	word	norm_F1	norm_F2	t	beg	end	dur	cd	fm	fp	fv	ps	fs	style	glide	norm_F1@20%	norm_F2@20%	norm_F1@35%	norm_F2@35%	norm_F1@50%	norm_F2@50%	norm_F1@65%	norm_F2@65%	norm_F1@80%	norm_F2@80%	nFormants	oFormants
AE	1	that	840.0	1442.0	1.044	0.968	1.12	0.152	3	1	4	1	3	0			769.0	1618.0	825.0	1491.0	840.0	1442.0	871.0	1411.0	856.0	1471.0	6	5	
UW	1	tooth	455.0	1177.0	5.955	5.887	6.023	0.136	73	3	3	1	3	0			464.0	1574.0	464.0	1360.0	455.0	1177.0	442.0	1195.0	406.0	1305.0	7	5	
EH	1	better	766.0	1657.0	7.653	7.624	7.683	0.059	2	1	4	1	1	1			722.0	1645.0	740.0	1658.0	766.0	1657.0	759.0	1650.0	741.0	1625.0	5	5	
ER	1	hurt	487.0	1758.0	9.139	9.064	9.215	0.151	94	1	4	1	0	0			518.0	1758.0	494.0	1745.0	487.0	1758.0	513.0	1788.0	526.0	1793.0	7	5	
AW	1	house	755.0	1276.0	11.131	11.067	11.196	0.129	42	3	4	1	0	0			813.0	1379.0	811.0	1338.0	755.0	1276.0	707.0	1160.0	587.0	1107.0	5	5	
AO	1	thought	658.0	2886.0	14.373	14.292	14.454	0.162	53	1	4	1	3	0			644.0	2426.0	618.0	2815.0	658.0	2886.0	728.0	2914.0	702.0	2339.0	3	6	
AW	1	town	719.0	1272.0	16.217	16.115	16.319	0.204	42	4	4	2	3	0			858.0	1393.0	832.0	1370.0	719.0	1272.0	782.0	1169.0	677.0	1151.0	6	6	
AE	1	hat	961.0	1468.0	18.078	18.019	18.136	0.117	3	1	4	1	0	0			869.0	1436.0	935.0	1463.0	961.0	1468.0	895.0	1437.0	834.0	1401.0	6	6	
UH	1	put	617.0	1334.0	19.732	19.685	19.779	0.094	7	1	4	1	1	0			591.0	1154.0	602.0	1188.0	617.0	1334.0	546.0	1446.0	507.0	1507.0	7	6	
IY	1	heat	409.0	2314.0	21.75	21.69	21.81	0.12	11	1	4	1	0	0			474.0	2295.0	435.0	2297.0	409.0	2314.0	430.0	2377.0	504.0	2165.0	4	4	
AH	1	hut	778.0	1291.0	25.445	25.399	25.491	0.092	6	1	4	1	0	0			766.0	1316.0	763.0	1302.0	778.0	1291.0	744.0	1361.0	716.0	1450.0	5	5	
IH	1	hit	590.0	1935.0	29.003	28.967	29.04	0.073	1	1	4	1	0	0			605.0	2022.0	599.0	1967.0	590.0	1935.0	586.0	1910.0	534.0	1852.0	5	5	
AA	1	father	674.0	1214.0	30.761	30.677	30.845	0.168	43	3	3	2	1	1			627.0	1200.0	680.0	1180.0	674.0	1214.0	712.0	1251.0	707.0	1363.0	7	5	
EY	1	hate	428.0	2278.0	32.939	32.867	33.012	0.145	21	1	4	1	0	0			547.0	2212.0	462.0	2280.0	429.0	2300.0	467.0	2371.0	456.0	1918.0	5	4	
AE	1	dance	839.0	1426.0	34.677	34.623	34.732	0.109	3	4	4	2	3	3			661.0	1596.0	811.0	1485.0	839.0	1426.0	876.0	1366.0	785.0	1361.0	5	5	
OW	1	host	472.0	1042.0	36.502	36.438	36.567	0.129	62	3	4	1	0	3			591.0	969.0	500.0	1077.0	471.0	1041.0	425.0	1003.0	438.0	1135.0	6	5	
AA	1	heart	734.0	1232.0	38.304	38.211	38.397	0.186	5	1	4	1	0	0			745.0	1251.0	719.0	1215.0	734.0	1232.0	767.0	1296.0	759.0	1413.0	7	6	
AE	1	after	798.0	1259.0	41.971	41.914	42.027	0.113	3	3	2	1	0	4			792.0	1281.0	876.0	1294.0	798.0	1259.0	790.0	1252.0	759.0	1245.0	5	5	
AH	1	coming	665.0	1356.0	3.397	3.378	3.417	0.039	6	4	1	2	6	1			712.0	1535.0	693.0	1414.0	665.0	1356.0	632.0	1313.0	588.0	1309.0	5	5	
AE	1	sample	833.0	1352.0	3.962	3.908	4.016	0.108	3	4	1	2	3	4			916.0	1569.0	916.0	1471.0	833.0	1352.0	814.0	1467.0	758.0	1730.0	4	5	
AY	1	delights	723.0	1740.0	4.595	4.532	4.658	0.126	47	1	4	1	7	3			572.0	1405.0	744.0	1536.0	745.0	1651.0	673.0	1827.0	574.0	1990.0	7	5	
OW	1	over	483.0	1006.0	5.785	5.738	5.832	0.094	62	3	2	2	0	1			492.0	1066.0	490.0	1049.0	483.0	1006.0	469.0	999.0	511.0	1097.0	6	6	
UW	1	two	456.0	1708.0	6.117	6.08	6.153	0.073	73	0	0	0	3	0			496.0	1763.0	467.0	1490.0	456.0	1708.0	472.0	1693.0	517.0	1685.0	7	4	
AH	1	hundred	746.0	1486.0	6.236	6.21	6.261	0.051	6	4	4	2	0	4			736.0	1521.0	791.0	1486.0	746.0	1486.0	677.0	1612.0	664.0	1675.0	4	4	
AE	1	bath	785.0	1307.0	7.959	7.87	8.048	0.178	3	3	3	1	1	0			624.0	1269.0	732.0	1262.0	785.0	1307.0	784.0	1298.0	763.0	1245.0	5	5	
AY	1	island	781.0	1553.0	9.079	8.992	9.165	0.173	41	5	4	2	0	1		s	797.0	1435.0	818.0	1396.0	886.0	1498.0	742.0	1642.0	720.0	1629.0	5	5	
ER	1	first	500.0	1635.0	10.136	10.093	10.178	0.085	94	3	4	1	1	3			499.0	1542.0	487.0	1608.0	500.0	1635.0	488.0	1647.0	474.0	1703.0	7	5	
OW	1	opened	451.0	1021.0	10.37	10.333	10.406	0.073	62	1	1	1	0	1			474.0	1169.0	462.0	1082.0	451.0	1021.0	432.0	957.0	570.0	795.0	6	6	
EH	1	seventeen	750.0	1593.0	10.928	10.896	10.961	0.065	2	3	2	2	3	2			703.0	1588.0	722.0	1579.0	750.0	1593.0	737.0	1542.0	715.0	1435.0	5	5	
IY	1	seventeen	569.0	2239.0	11.239	11.225	11.254	0.029	11	4	4	2	3	0			525.0	2209.0	519.0	2199.0	569.0	2239.0	589.0	2248.0	581.0	2147.0	4	4	
EH	1	seventy	702.0	1636.0	11.517	11.493	11.54	0.047	2	3	2	2	3	2			667.0	1629.0	667.0	1620.0	699.0	1639.0	692.0	1514.0	679.0	1494.0	5	5	
EY	1	eight	395.0	2152.0	11.874	11.825	11.924	0.099	21	1	4	1	0	0			454.0	2306.0	399.0	2197.0	395.0	2152.0	392.0	2182.0	409.0	2252.0	5	5	
IY	1	being	465.0	2102.0	14.139	14.109	14.168	0.059	11	0	0	0	1	1			449.0	1796.0	422.0	1896.0	465.0	2102.0	466.0	2158.0	560.0	2192.0	5	5	
EY	1	main	590.0	2127.0	14.813	14.765	14.86	0.095	21	4	4	2	2	0			588.0	1825.0	581.0	2045.0	590.0	2127.0	579.0	2092.0	583.0	1958.0	5	5	
IH	1	visitors	559.0	1674.0	16.093	16.069	16.116	0.047	1	3	4	2	1	2			560.0	1708.0	577.0	1679.0	559.0	1674.0	542.0	1590.0	550.0	1645.0	4	5	
EY	1	late	499.0	2116.0	17.286	17.232	17.34	0.108	21	1	4	1	7	0			546.0	1920.0	498.0	2089.0	499.0	2116.0	464.0	2100.0	466.0	2055.0	5	5	
AY	1	nine	789.0	1784.0	17.512	17.467	17.557	0.09	41	4	4	2	4	0			487.0	1557.0	740.0	1648.0	815.0	1746.0	724.0	1861.0	630.0	2022.0	5	5	
IY	1	teenth	482.0	2109.0	17.747	17.721	17.773	0.052	11	4	4	2	3	3			529.0	1968.0	504.0	2187.0	482.0	2109.0	481.0	1965.0	481.0	1925.0	4	5	
EH	1	century	770.0	1678.0	17.994	17.955	18.034	0.079	2	4	4	2	3	5			649.0	1663.0	718.0	1615.0	770.0	1678.0	754.0	1664.0	671.0	1669.0	5	5	
EY	1	destination	620.0	2097.0	20.106	20.055	20.157	0.102	21	3	5	1	4	1			638.0	1967.0	650.0	2071.0	620.0	2097.0	608.0	2156.0	544.0	2149.0	5	5	
OW	1	those	477.0	1306.0	21.843	21.773	21.914	0.141	62	3	4	2	3	0			481.0	1470.0	469.0	1356.0	477.0	1306.0	483.0	1500.0	463.0	1666.0	5	5	
AY	1	time	874.0	1700.0	22.395	22.331	22.46	0.129	41	4	1	2	3	0		s	831.0	1724.0	853.0	1480.0	940.0	1658.0	768.0	1795.0	706.0	1912.0	5	5	
EY	1	make	564.0	2153.0	22.782	22.751	22.813	0.062	21	1	6	1	2	0			586.0	1711.0	568.0	1906.0	564.0	2153.0	539.0	2125.0	525.0	2139.0	5	4	
ER	1	journey	556.0	1904.0	23.139	23.075	23.203	0.128	94	4	4	2	5	1			525.0	1912.0	550.0	1923.0	556.0	1904.0	592.0	1908.0	545.0	1865.0	7	6	
EH	1	however	680.0	1320.0	24.511	24.469	24.552	0.083	2	3	2	2	0	1			532.0	1152.0	606.0	1265.0	680.0	1320.0	694.0	1317.0	636.0	1216.0	5	5	
AE	1	advent	865.0	1435.0	25.593	25.535	25.652	0.117	3	1	4	2	0	4			783.0	1680.0	855.0	1553.0	864.0	1437.0	786.0	1472.0	651.0	1446.0	5	5	
AE	1	international	811.0	1432.0	26.881	26.842	26.921	0.079	3	3	5	1	4	2			787.0	1549.0	809.0	1504.0	811.0	1432.0	794.0	1417.0	773.0	1459.0	5	6	
AY	1	flights	651.0	1846.0	27.414	27.359	27.469	0.11	47	1	4	1	8	3			622.0	1340.0	752.0	1516.0	708.0	1754.0	556.0	1952.0	524.0	2035.0	7	5	
AY	1	nineteen	697.0	1866.0	27.922	27.867	27.976	0.109	41	4	4	2	4	4		s	608.0	1475.0	760.0	1706.0	724.0	1783.0	680.0	1985.0	678.0	2048.0	5	5	
IY	1	nineteen	527.0	2123.0	28.114	28.09	28.138	0.048	11	4	4	2	3	0			521.0	2219.0	508.0	2157.0	527.0	2123.0	582.0	2093.0	579.0	2056.0	4	4	
IH	1	sixties	523.0	1950.0	28.331	28.314	28.347	0.033	1	1	6	1	3	4			568.0	1932.0	564.0	1910.0	523.0	1950.0	524.0	2097.0	516.0	2098.0	4	4	
AA	1	market	766.0	1250.0	29.094	29.048	29.14	0.092	5	1	6	1	2	1			700.0	1203.0	751.0	1204.0	766.0	1250.0	760.0	1251.0	781.0	1290.0	7	6	
AA	1	started	712.0	1369.0	29.584	29.53	29.639	0.109	5	1	4	1	3	1			627.0	1481.0	689.0	1378.0	712.0	1369.0	710.0	1434.0	668.0	1562.0	7	5	
OW	1	open	435.0	959.0	30.001	29.959	30.042	0.083	62	1	1	1	0	1			503.0	1103.0	480.0	1026.0	437.0	966.0	412.0	929.0	468.0	920.0	6	6	
AE	1	man	790.0	1405.0	31.166	31.125	31.206	0.081	3	4	4	2	2	0			434.0	1381.0	776.0	1378.0	790.0	1405.0	760.0	1431.0	710.0	1429.0	6	6	
EY	1	today	480.0	2198.0	32.712	32.547	32.877	0.33	22	0	0	0	3	0			504.0	2065.0	472.0	2163.0	480.0	2198.0	513.0	2186.0	522.0	2000.0	7	5	
IH	1	visit	534.0	1641.0	36.803	36.783	36.824	0.041	1	3	4	2	0	1			505.0	1600.0	513.0	1613.0	534.0	1641.0	545.0	1630.0	553.0	1653.0	5	5	
IY	1	each	533.0	2231.0	37.567	37.524	37.61	0.086	11	2	5	1	0	0			590.0	2120.0	565.0	2243.0	533.0	2231.0	487.0	2266.0	483.0	2260.0	4	4	
AH	1	come	733.0	1296.0	38.749	38.719	38.779	0.06	6	4	1	2	6	0			731.0	990.0	694.0	1262.0	732.0	1296.0	683.0	1253.0	630.0	1228.0	6	6	
OW	1	both	461.0	1113.0	38.956	38.912	39.0	0.088	62	3	3	1	1	0			494.0	1154.0	477.0	1108.0	461.0	1113.0	478.0	1179.0	481.0	1258.0	5	5	
IY	1	sea	433.0	2322.0	40.128	40.073	40.183	0.11	12	0	0	0	3	0			468.0	2125.0	463.0	2269.0	433.0	2322.0	425.0	2324.0	462.0	2403.0	7	4	
AH	1	some	724.0	1498.0	40.648	40.625	40.672	0.047	6	4	1	2	3	0			646.0	1537.0	668.0	1558.0	724.0	1498.0	715.0	1391.0	667.0	1353.0	5	5	
EY	1	staying	603.0	2121.0	40.975	40.915	41.035	0.12	21	0	0	0	3	1			478.0	1928.0	547.0	2016.0	603.0	2121.0	600.0	2157.0	596.0	2282.0	5	5	
AW	1	hours	741.0	1275.0	41.883	41.808	41.957	0.149	42	0	0	0	0	1			787.0	1316.0	763.0	1308.0	741.0	1275.0	684.0	1129.0	576.0	1095.0	6	6	
AY	1	island	821.0	1630.0	42.93	42.875	42.985	0.11	41	5	4	2	0	1		m	811.0	1340.0	864.0	1439.0	843.0	1565.0	780.0	1603.0	709.0	1670.0	5	5	
AY	1	island	910.0	1542.0	43.361	43.302	43.42	0.118	41	5	4	2	0	1			801.0	1483.0	842.0	1521.0	887.0	1449.0	846.0	1598.0	724.0	1811.0	5	5	
AW	1	found	841.0	1233.0	45.497	45.425	45.569	0.144	42	4	4	2	1	3			865.0	1342.0	839.0	1303.0	841.0	1233.0	672.0	1174.0	577.0	1197.0	6	6	
AY	1	islands	884.0	1638.0	45.92	45.864	45.977	0.113	41	5	4	2	0	1		m	804.0	1698.0	883.0	1596.0	914.0	1622.0	810.0	1658.0	683.0	1630.0	5	5	
EY	1	remain	599.0	2196.0	46.468	46.425	46.51	0.085	21	4	4	2	2	0			593.0	2088.0	578.0	2187.0	599.0	2196.0	600.0	2181.0	598.0	2038.0	5	5	
IY	1	seas	466.0	2388.0	48.51	48.39	48.63	0.24	11	3	4	2	3	0			491.0	2292.0	462.0	2329.0	466.0	2388.0	459.0	2223.0	461.0	2021.0	4	4	
AE	1	dazzling	837.0	1405.0	48.898	48.822	48.973	0.151	3	3	4	2	3	1			697.0	1683.0	832.0	1472.0	837.0	1405.0	782.0	1448.0	600.0	1419.0	5	6	
AE	1	sand	844.0	1484.0	51.3	51.246	51.353	0.107	3	4	4	2	3	3			696.0	1566.0	780.0	1532.0	844.0	1484.0	830.0	1492.0	745.0	1533.0	5	6	
IY	1	beaches	429.0	2230.0	51.529	51.484	51.573	0.089	11	2	5	1	1	1			438.0	2057.0	423.0	2190.0	429.0	2230.0	437.0	2164.0	540.0	2260.0	4	4	
ER	1	birds	506.0	1821.0	52.603	52.51	52.697	0.187	94	1	4	2	1	3			448.0	1734.0	486.0	1773.0	507.0	1821.0	502.0	1826.0	477.0	1728.0	7	5	
AH	1	sunny	764.0	1509.0	53.184	53.154	53.214	0.06	6	4	4	2	3	1			665.0	1407.0	715.0	1422.0	764.0	1509.0	763.0	1420.0	666.0	1564.0	6	5	
AH	1	stunning	792.0	1519.0	54.089	54.056	54.122	0.066	6	4	4	2	3	1			689.0	1576.0	756.0	1494.0	792.0	1519.0	749.0	1536.0	647.0	1604.0	5	5	
AH	1	sunsets	687.0	1405.0	54.49	54.454	54.526	0.072	6	4	4	2	3	4			685.0	1440.0	721.0	1406.0	687.0	1405.0	656.0	1482.0	619.0	1520.0	5	5	
AY	1	lively	747.0	1732.0	55.749	55.695	55.804	0.109	41	3	2	2	7	1			577.0	1389.0	823.0	1474.0	811.0	1648.0	667.0	1839.0	549.0	2078.0	5	5	
AE	1	dance	825.0	1397.0	56.678	56.613	56.744	0.131	3	4	4	2	3	3			727.0	1266.0	795.0	1325.0	825.0	1397.0	786.0	1414.0	694.0	1394.0	6	6	
AO	1	course	762.0	2475.0	57.563	57.512	57.614	0.102	53	3	4	1	6	0			638.0	2421.0	710.0	2282.0	762.0	2475.0	756.0	2388.0	652.0	2477.0	3	6	
IY	1	people	412.0	2306.0	58.728	58.696	58.761	0.065	11	1	1	1	1	1			459.0	2018.0	552.0	2002.0	397.0	2298.0	456.0	2077.0	528.0	1637.0	4	4	
EY	1	favoured	496.0	2089.0	61.469	61.42	61.517	0.097	21	3	2	2	1	1			534.0	1880.0	514.0	2047.0	496.0	2089.0	494.0	1971.0	499.0	1833.0	4	5	
AY	1	islands	891.0	1537.0	61.719	61.634	61.805	0.171	41	5	4	2	0	1		s	623.0	1526.0	799.0	1445.0	906.0	1495.0	845.0	1646.0	675.0	1672.0	5	5	
AO	1	according	914.0	2740.0	62.273	62.238	62.308	0.07	53	1	4	2	6	1			738.0	2752.0	801.0	2808.0	914.0	2740.0	741.0	1941.0	1255.0	2454.0	3	6	
IH	1	english	623.0	2074.0	64.213	64.177	64.248	0.071	1	4	6	2	0	4			602.0	2032.0	610.0	2005.0	623.0	2074.0	643.0	2127.0	718.0	2193.0	5	5	
IH	1	visiting	534.0	1663.0	64.638	64.608	64.668	0.06	1	3	4	2	1	2			474.0	1518.0	497.0	1298.0	534.0	1663.0	516.0	1135.0	545.0	1758.0	6	6	
EY	1	barbados	506.0	2068.0	65.723	65.673	65.773	0.1	21	1	4	2	1	1			501.0	1806.0	528.0	2045.0	506.0	2068.0	540.0	2015.0	507.0	1862.0	5	5	
EY	1	jamaica	582.0	2172.0	66.32	66.269	66.37	0.101	21	1	6	1	2	1			577.0	1924.0	559.0	2155.0	582.0	2172.0	572.0	2219.0	581.0	2186.0	5	5	
EH	1	heading	704.0	1601.0	67.441	67.423	67.458	0.035	2	1	4	2	0	1			759.0	1827.0	765.0	1844.0	704.0	1601.0	634.0	1618.0	616.0	1596.0	5	5	
EY	1	today's	473.0	2130.0	69.186	69.094	69.279	0.185	21	3	4	2	3	0			455.0	1980.0	466.0	2091.0	473.0	2130.0	483.0	2122.0	503.0	2041.0	4	4	
AW	1	without	708.0	1262.0	70.32	70.255	70.385	0.13	42	1	4	1	3	0			737.0	1654.0	753.0	1361.0	708.0	1262.0	577.0	1212.0	539.0	1333.0	5	6	
AW	1	doubt	704.0	1267.0	70.706	70.607	70.804	0.197	42	1	4	1	3	0			726.0	1595.0	773.0	1399.0	704.0	1267.0	605.0	1161.0	510.0	1303.0	5	5	
AO	1	more	828.0	2821.0	71.186	71.126	71.246	0.12	53	0	0	0	2	0			732.0	2119.0	770.0	2914.0	828.0	2821.0	893.0	2791.0	747.0	2575.0	3	6	
AY	1	likely	735.0	1809.0	71.339	71.292	71.385	0.093	47	1	6	1	7	1			577.0	1429.0	747.0	1634.0	778.0	1804.0	674.0	1891.0	590.0	2163.0	7	4	
IH	1	pick	497.0	1907.0	71.811	71.793	71.829	0.036	1	1	6	1	1	0			524.0	1859.0	549.0	1877.0	497.0	1907.0	482.0	1918.0	503.0	1999.0	5	5	
AY	1	island	819.0	1570.0	72.115	72.053	72.178	0.125	41	5	4	2	0	1		s	891.0	1499.0	857.0	1506.0	852.0	1594.0	734.0	1608.0	637.0	1647.0	5	5	
AO	1	offers	831.0	1862.0	72.982	72.929	73.034	0.105	53	3	2	1	0	1			829.0	2300.0	853.0	2316.0	831.0	1862.0	745.0	2035.0	721.0	2357.0	3	6	
IH	1	historical	564.0	1633.0	74.45	74.437	74.462	0.025	1	3	4	1	0	5			724.0	1664.0	724.0	1664.0	564.0	1633.0	583.0	1664.0	598.0	1666.0	6	6	
EY	1	associations	507.0	2147.0	75.517	75.461	75.574	0.113	21	3	5	1	0	1			485.0	2251.0	500.0	2194.0	507.0	2147.0	543.0	2102.0	611.0	2181.0	4	4	
AW	1	thousands	667.0	1199.0	76.799	76.691	76.908	0.217	42	3	4	2	3	1			827.0	1393.0	796.0	1343.0	667.0	1199.0	524.0	1209.0	481.0	1400.0	5	5	
IH	1	visit	518.0	1602.0	77.305	77.281	77.33	0.049	1	3	4	2	1	1			522.0	1530.0	521.0	1571.0	518.0	1600.0	513.0	1573.0	505.0	1600.0	5	5	
EY	1	barbados	462.0	2111.0	77.808	77.753	77.862	0.109	21	1	4	2	1	1			477.0	1926.0	444.0	2029.0	462.0	2111.0	492.0	2029.0	457.0	1865.0	5	5	
IY	1	beaches	454.0	2235.0	78.512	78.478	78.546	0.068	11	2	5	1	1	1			451.0	2082.0	451.0	2176.0	454.0	2235.0	477.0	2197.0	518.0	2007.0	4	4	
AW	1	mountains	823.0	1194.0	80.136	80.066	80.205	0.139	42	4	4	2	2	4			744.0	1314.0	852.0	1270.0	823.0	1194.0	641.0	1220.0	599.0	1281.0	5	6	
AA	1	large	729.0	1326.0	82.112	82.043	82.18	0.137	5	2	5	2	7	0			711.0	1384.0	732.0	1344.0	729.0	1326.0	695.0	1407.0	611.0	1592.0	7	5	
AH	1	number	737.0	1375.0	82.384	82.359	82.409	0.05	6	4	1	2	4	4			647.0	1528.0	695.0	1478.0	737.0	1375.0	714.0	1316.0	652.0	1314.0	5	5	
IH	1	visitors	565.0	1621.0	82.742	82.721	82.763	0.042	1	3	4	2	1	2			524.0	1569.0	538.0	1561.0	565.0	1621.0	513.0	1564.0	514.0	1535.0	5	5	
UW	1	blue	441.0	1228.0	84.243	84.186	84.299	0.113	73	0	0	0	8	0			428.0	1236.0	429.0	1313.0	441.0	1228.0	442.0	1151.0	434.0	1144.0	7	6	
