, 55
, M, , , , 

vowel	stress	word	norm_F1	norm_F2	t	beg	end	dur	cd	fm	fp	fv	ps	fs	style	glide	norm_F1@20%	norm_F2@20%	norm_F1@35%	norm_F2@35%	norm_F1@50%	norm_F2@50%	norm_F1@65%	norm_F2@65%	norm_F1@80%	norm_F2@80%	nFormants
AE	1	THAT	868.0	1711.0	1.019	0.968	1.12	0.152	3	1	4	1	3	0			785.0	1796.0	860.0	1718.0	900.0	1665.0	942.0	1623.0	955.0	1666.0	5	
AA	0	COMMA	764.0	1242.0	2.702	2.682	2.741	0.059	5	4	1	2	6	1			759.0	1223.0	759.0	1223.0	766.0	1240.0	733.0	1236.0	730.0	1236.0	6	
AH	0	COMMA	668.0	1401.0	2.91	2.863	3.003	0.14	*	0	0	0	2	0			754.0	1348.0	681.0	1398.0	659.0	1358.0	352.0	1321.0	349.0	1347.0	5	
AA	0	HOT	685.0	1260.0	4.143	4.108	4.213	0.105	5	1	4	1	0	0			680.0	1241.0	686.0	1254.0	708.0	1297.0	753.0	1344.0	736.0	1396.0	6	
UW	1	TOOTH	440.0	1785.0	5.894	5.887	6.023	0.136	73	3	3	1	3	0			440.0	1785.0	441.0	1536.0	426.0	1315.0	412.0	1272.0	355.0	1394.0	5	
EH	1	BETTER	764.0	1865.0	7.644	7.624	7.683	0.059	2	1	4	1	1	1			754.0	1867.0	754.0	1867.0	773.0	1860.0	768.0	1808.0	767.0	1806.0	5	
ER	0	BETTER	614.0	1614.0	7.892	7.849	7.979	0.13	94	0	0	0	3	0			584.0	1688.0	607.0	1631.0	631.0	1569.0	583.0	1554.0	624.0	1608.0	5	
ER	1	HURT	476.0	1978.0	9.114	9.064	9.215	0.151	94	1	4	1	0	0			514.0	1987.0	479.0	1977.0	464.0	1982.0	497.0	2017.0	517.0	2013.0	5	
AW	1	HOUSE	850.0	1535.0	11.074	11.067	11.196	0.129	42	3	4	1	0	0			850.0	1535.0	821.0	1468.0	761.0	1393.0	683.0	1239.0	561.0	1148.0	5	
IH	0	HEAR	557.0	2320.0	12.82	12.734	12.993	0.259	1	0	0	0	0	0			554.0	2323.0	557.0	2322.0	553.0	2249.0	571.0	2119.0	615.0	1997.0	5	
AO	1	THOUGHT	404.0	1059.0	14.346	14.292	14.454	0.162	53	1	4	1	3	0			468.0	1282.0	408.0	1077.0	432.0	1040.0	522.0	1172.0	613.0	1357.0	6	
AW	1	TOWN	806.0	1512.0	16.129	16.115	16.319	0.204	42	4	4	2	3	0			821.0	1514.0	782.0	1492.0	681.0	1397.0	767.0	1237.0	662.0	1194.0	6	
AE	1	HAT	942.0	1600.0	18.058	18.019	18.136	0.117	3	1	4	1	0	0			874.0	1550.0	936.0	1600.0	966.0	1615.0	905.0	1577.0	867.0	1557.0	6	
UH	1	PUT	593.0	1341.0	19.716	19.685	19.779	0.094	7	1	4	1	1	0			567.0	1250.0	586.0	1302.0	593.0	1442.0	539.0	1606.0	507.0	1671.0	5	
IY	1	HEAT	398.0	2662.0	21.73	21.69	21.81	0.12	11	1	4	1	0	0			418.0	2627.0	406.0	2650.0	392.0	2657.0	452.0	2688.0	497.0	2299.0	4	
EH	0	QUESTION	733.0	1678.0	23.494	23.474	23.534	0.06	2	3	4	1	9	4			716.0	1616.0	718.0	1624.0	753.0	1746.0	747.0	1800.0	746.0	1808.0	5	
AH	0	QUESTION	573.0	1714.0	23.807	23.784	23.854	0.07	*	4	4	2	5	0			562.0	1717.0	569.0	1713.0	577.0	1714.0	569.0	1708.0	560.0	1709.0	5	
AH	1	HUT	783.0	1432.0	25.43	25.399	25.491	0.092	6	1	4	1	0	0			787.0	1463.0	781.0	1439.0	793.0	1444.0	764.0	1510.0	740.0	1567.0	5	
IY	0	THREE	425.0	2282.0	27.379	27.342	27.453	0.111	12	0	0	0	8	0			405.0	2205.0	420.0	2223.0	431.0	2435.0	412.0	2403.0	389.0	2400.0	4	
IH	1	HIT	579.0	2194.0	28.991	28.967	29.04	0.073	1	1	4	1	0	0			574.0	2225.0	575.0	2210.0	579.0	2179.0	559.0	2139.0	545.0	2115.0	4	
AA	1	FATHER	677.0	1291.0	30.733	30.677	30.845	0.168	43	3	3	2	1	1			633.0	1318.0	677.0	1293.0	679.0	1324.0	718.0	1387.0	717.0	1541.0	5	
ER	0	FATHER	625.0	1670.0	30.981	30.954	31.034	0.08	94	0	0	0	3	0			617.0	1677.0	622.0	1676.0	623.0	1639.0	608.0	1562.0	613.0	1526.0	5	
EY	1	HATE	523.0	2537.0	32.879	32.867	33.012	0.145	21	1	4	1	0	0			519.0	2532.0	434.0	2592.0	403.0	2629.0	431.0	2682.0	421.0	2602.0	4	
AE	1	DANCE	853.0	1649.0	34.659	34.623	34.732	0.109	3	4	4	2	3	3			715.0	1776.0	836.0	1673.0	841.0	1575.0	877.0	1526.0	820.0	1505.0	5	
OW	1	HOST	567.0	1246.0	36.445	36.438	36.567	0.129	62	3	4	1	0	3			567.0	1246.0	488.0	1187.0	442.0	1130.0	410.0	1120.0	419.0	1268.0	5	
AA	1	HEART	727.0	1332.0	38.273	38.211	38.397	0.186	5	1	4	1	0	0			750.0	1359.0	724.0	1330.0	740.0	1356.0	762.0	1411.0	775.0	1557.0	6	
EH	0	HAIR	558.0	2350.0	40.37	40.257	40.596	0.339	2	0	0	0	0	0			556.0	2395.0	557.0	2351.0	555.0	2310.0	604.0	2149.0	658.0	1990.0	5	
AE	1	AFTER	805.0	1362.0	41.952	41.914	42.027	0.113	3	3	2	1	0	4			751.0	1371.0	804.0	1367.0	784.0	1356.0	770.0	1344.0	729.0	1313.0	6	
ER	0	AFTER	592.0	1679.0	42.301	42.274	42.354	0.08	94	0	0	0	3	0			560.0	1726.0	578.0	1709.0	610.0	1613.0	640.0	1564.0	674.0	1576.0	5	
